%YAML:1.0
---
model_type: PINHOLE
camera_name: cam0
image_width: 640
image_height: 480
distortion_parameters:
   k1: 0.00842607041923
   k2: -0.00871607769566
   p1: -0.000255924792906
   p2: -3.37079020094e-05
projection_parameters:
   fx: 385.165128641
   fy: 385.280188972
   cx: 320.875830615
   cy: 239.474816079
